%YAML:1.0
---
train_data: !!opencv-matrix
   rows: 44
   cols: 2
   dt: f
   data: [ 5.90673566e-01, 4.09326404e-01, 4.92187500e-01,
       5.07812500e-01, 4.71698105e-01, 5.28301895e-01, 4.92462307e-01,
       5.07537663e-01, 5.58282197e-01, 4.41717774e-01, 5.83870947e-01,
       4.16129023e-01, 5.17391264e-01, 4.82608676e-01, 6.12068951e-01,
       3.87931019e-01, 6.67876601e-01, 3.32123399e-01, 5.36290288e-01,
       4.63709652e-01, 4.86238509e-01, 5.13761461e-01, 5.96330225e-01,
       4.03669715e-01, 4.79452044e-01, 5.20547926e-01, 4.74439442e-01,
       5.25560498e-01, 5.28455257e-01, 4.71544683e-01, 5.09316802e-01,
       4.90683228e-01, 4.65931863e-01, 5.34068167e-01, 5.09090900e-01,
       4.90909070e-01, 5.79487205e-01, 4.20512825e-01, 5.17857194e-01,
       4.82142866e-01, 5.00000000e-01, 5.00000000e-01, 4.57627118e-01,
       5.42372882e-01, 6.50985360e-01, 3.49014610e-01, 3.83928597e-01,
       6.16071463e-01, 4.66529369e-01, 5.33470690e-01, 4.61588562e-01,
       5.38411498e-01, 4.10413504e-01, 5.89586556e-01, 5.10679603e-01,
       4.89320397e-01, 4.60997432e-01, 5.39002538e-01, 4.87473905e-01,
       5.12526095e-01, 4.56647396e-01, 5.43352604e-01, 6.43835604e-01,
       3.56164396e-01, 6.14503801e-01, 3.85496199e-01, 5.50000012e-01,
       4.50000018e-01, 4.26573426e-01, 5.73426604e-01, 7.96610177e-01,
       2.03389823e-01, 4.71615732e-01, 5.28384268e-01, 5.31120360e-01,
       4.68879700e-01, 4.62738305e-01, 5.37261724e-01, 3.81418109e-01,
       6.18581951e-01, 4.61386144e-01, 5.38613856e-01, 7.02702701e-01,
       2.97297299e-01, 5.06314576e-01, 4.93685395e-01, 5.33190608e-01,
       4.66809452e-01 ]
train_labels: !!opencv-matrix
   rows: 44
   cols: 1
   dt: i
   data: [ 1, 1, 1, 1, 1, 1, 1, 1, 1, 1, 1, 1, 1, 1, 1, 1, 1, 1, 1, 1, 1,
       1, -1, -1, -1, -1, -1, -1, -1, -1, -1, -1, -1, -1, -1, -1, -1, -1,
       -1, -1, -1, -1, -1, -1 ]
