%YAML:1.0
---
voc: !!opencv-matrix
   rows: 27
   cols: 128
   dt: f
   data: [ 1.74316730e+01, 1.53178806e+01, 1.57454538e+01,
       1.75433903e+01, 1.87781086e+01, 1.28390694e+01, 1.06772919e+01,
       1.29515171e+01, 3.21868515e+01, 2.31258049e+01, 1.73142300e+01,
       1.64719925e+01, 1.60158806e+01, 1.71740074e+01, 2.30659733e+01,
       2.76657276e+01, 2.50696068e+01, 2.57690487e+01, 1.86012974e+01,
       1.54515009e+01, 2.00852528e+01, 2.95262508e+01, 2.58351212e+01,
       1.90087776e+01, 2.38477306e+01, 2.35791969e+01, 1.47709904e+01,
       1.15389271e+01, 1.90742035e+01, 2.18310719e+01, 1.40335340e+01,
       1.44880543e+01, 3.18661499e+01, 1.48932610e+01, 1.51545267e+01,
       2.20345955e+01, 2.65384464e+01, 1.90861816e+01, 1.16535816e+01,
       1.64252510e+01, 1.11553963e+02, 1.93366642e+01, 7.05882072e+00,
       7.78942442e+00, 1.19646912e+01, 2.78282509e+01, 5.17307205e+01,
       8.82113724e+01, 2.76516247e+01, 1.34705982e+01, 6.84605455e+00,
       9.45149994e+00, 5.78196259e+01, 1.08957581e+02, 6.85034027e+01,
       3.34170380e+01, 3.06629906e+01, 2.78313541e+01, 1.33328476e+01,
       1.07350178e+01, 3.14548035e+01, 4.46720352e+01, 1.97292595e+01,
       1.73605404e+01, 4.32567558e+01, 1.26423817e+01, 8.35770226e+00,
       1.67924786e+01, 3.09475021e+01, 2.71398602e+01, 1.67211456e+01,
       1.85984936e+01, 1.30221512e+02, 4.88959351e+01, 5.15301657e+00,
       6.14750814e+00, 1.57543478e+01, 1.50816860e+01, 1.22490053e+01,
       4.07128181e+01, 5.57653351e+01, 2.09226456e+01, 8.23592949e+00,
       2.00953083e+01, 8.60353470e+01, 9.29494781e+01, 2.16811085e+01,
       1.51102581e+01, 2.63920994e+01, 1.72070255e+01, 7.29786968e+00,
       1.24780321e+01, 5.52416573e+01, 6.75531158e+01, 2.38535881e+01,
       1.46638193e+01, 3.32425194e+01, 1.40822992e+01, 6.55930185e+00,
       9.13851547e+00, 2.76241474e+01, 2.55119972e+01, 1.67770290e+01,
       2.18873215e+01, 1.05449799e+02, 4.82374573e+01, 9.36150265e+00,
       6.79141521e+00, 1.46011324e+01, 1.37964430e+01, 1.36804781e+01,
       3.49147339e+01, 5.18824768e+01, 3.52055321e+01, 1.70006313e+01,
       2.19336796e+01, 5.43775177e+01, 3.74748955e+01, 1.19316893e+01,
       1.37080212e+01, 1.72243824e+01, 1.28808823e+01, 1.02905531e+01,
       2.06628227e+01, 5.57457886e+01, 4.63062515e+01, 1.50769072e+01,
       9.41300583e+00, 3.21817169e+01, 3.01312885e+01, 2.01737614e+01,
       2.01411552e+01, 1.54186878e+01, 1.50279608e+01, 1.85899372e+01,
       3.03190956e+01, 2.80076694e+01, 2.39177666e+01, 2.47188244e+01,
       2.58820496e+01, 2.49131203e+01, 2.86221199e+01, 3.17638092e+01,
       3.49096298e+01, 2.18587341e+01, 1.62861557e+01, 1.78558674e+01,
       2.50035572e+01, 3.36381454e+01, 3.94044876e+01, 3.72173691e+01,
       3.19587727e+01, 1.70306492e+01, 1.28776922e+01, 1.11336660e+01,
       1.45052567e+01, 2.34662285e+01, 3.74800987e+01, 3.41524925e+01,
       2.50819035e+01, 3.58387985e+01, 5.95049019e+01, 4.76747513e+01,
       2.15178814e+01, 1.50952377e+01, 1.37818775e+01, 1.32224350e+01,
       1.93908386e+01, 3.46233864e+01, 5.08735161e+01, 8.09669113e+01,
       6.93413467e+01, 3.01118412e+01, 1.80103569e+01, 1.18306856e+01,
       1.44434690e+01, 1.03647484e+02, 5.11683846e+01, 3.94229774e+01,
       2.97999249e+01, 1.76919308e+01, 2.16262531e+01, 2.40199146e+01,
       4.31136627e+01, 2.47250919e+01, 1.03312073e+01, 1.44572935e+01,
       2.98908501e+01, 3.86114082e+01, 5.01501579e+01, 3.93941956e+01,
       2.72251911e+01, 2.31922760e+01, 6.46817322e+01, 5.50432091e+01,
       1.91087513e+01, 1.05224819e+01, 1.39614172e+01, 1.00869026e+01,
       8.00266743e+00, 5.31227112e+01, 4.94633636e+01, 5.07803230e+01,
       3.70180931e+01, 2.63654137e+01, 2.82167454e+01, 1.91577587e+01,
       1.86900864e+01, 1.15842979e+02, 6.90109787e+01, 2.80512314e+01,
       1.58693132e+01, 1.36407442e+01, 1.14856977e+01, 1.39092979e+01,
       4.00141373e+01, 2.88112392e+01, 2.78031712e+01, 3.54705849e+01,
       4.75715332e+01, 4.88549347e+01, 3.18847160e+01, 1.56120510e+01,
       1.34302673e+01, 1.36735277e+01, 3.48818932e+01, 2.55412178e+01,
       8.97119617e+00, 1.03715029e+01, 1.95993824e+01, 1.31651821e+01,
       7.49352169e+00, 3.31914749e+01, 6.07218933e+01, 3.67053566e+01,
       1.01550026e+01, 8.16702652e+00, 1.39730854e+01, 1.17732315e+01,
       1.13428984e+01, 5.26109848e+01, 8.61268921e+01, 4.98744926e+01,
       1.36819506e+01, 7.19467497e+00, 9.28106594e+00, 1.02301474e+01,
       1.33510771e+01, 1.88051491e+01, 4.21480484e+01, 4.94522705e+01,
       3.43434105e+01, 1.97366924e+01, 1.28936281e+01, 9.07454491e+00,
       9.21763420e+00, 4.59201317e+01, 2.21846619e+01, 1.38587933e+01,
       1.36311169e+01, 1.38593035e+01, 5.81390810e+00, 4.93115759e+00,
       9.38678265e+00, 1.56962692e+02, 4.97233391e+01, 6.40519285e+00,
       2.94254065e+00, 2.45033360e+00, 1.44211531e+00, 2.82263660e+00,
       3.36530838e+01, 9.14113159e+01, 2.29599476e+01, 8.02860165e+00,
       7.42016602e+00, 9.87606335e+00, 7.86212826e+00, 9.82326603e+00,
       2.64635715e+01, 1.52152729e+01, 9.40238571e+00, 7.62412357e+00,
       7.78418303e+00, 1.51134043e+01, 1.51220312e+01, 1.10650311e+01,
       9.28368950e+00, 6.08969231e+01, 1.53927212e+01, 9.90114307e+00,
       1.20379267e+01, 1.66817360e+01, 1.02914143e+01, 6.89073038e+00,
       1.21323423e+01, 1.64360672e+02, 3.44597092e+01, 3.60930371e+00,
       2.49726057e+00, 2.74351740e+00, 2.22202754e+00, 3.05640435e+00,
       4.17950401e+01, 1.18578049e+02, 2.06296024e+01, 8.74940491e+00,
       1.10491047e+01, 1.55029774e+01, 1.14669571e+01, 1.08957663e+01,
       2.88545570e+01, 2.19182434e+01, 1.32983732e+01, 1.09009218e+01,
       1.10214729e+01, 1.59923096e+01, 1.30531883e+01, 9.74576378e+00,
       1.15625296e+01, 6.03097572e+01, 1.09279757e+01, 6.04580402e+00,
       8.73371696e+00, 1.76933403e+01, 1.33061666e+01, 9.78329849e+00,
       1.67728519e+01, 1.64167404e+02, 4.48409805e+01, 3.27667928e+00,
       2.07952762e+00, 2.80432868e+00, 2.77644110e+00, 3.68018794e+00,
       3.38351440e+01, 1.18151215e+02, 3.20090179e+01, 1.17860718e+01,
       1.09966478e+01, 1.42767811e+01, 1.01262169e+01, 8.42789078e+00,
       2.01553288e+01, 2.16138134e+01, 1.12713709e+01, 1.06240387e+01,
       1.29556589e+01, 1.68165283e+01, 1.17899342e+01, 9.85744953e+00,
       1.18560371e+01, 4.64115067e+01, 9.48084164e+00, 4.49954081e+00,
       5.87951756e+00, 1.43107262e+01, 1.17236614e+01, 1.19135809e+01,
       2.09598446e+01, 1.54884125e+02, 3.20250130e+01, 2.66017842e+00,
       1.43134487e+00, 2.71008301e+00, 3.31480980e+00, 6.44441223e+00,
       4.91875725e+01, 9.30070648e+01, 2.67070541e+01, 9.65136433e+00,
       7.20261335e+00, 9.54913902e+00, 7.08172274e+00, 8.66060352e+00,
       2.42758465e+01, 1.52031918e+01, 9.59099579e+00, 1.09416046e+01,
       1.40261860e+01, 1.58736305e+01, 8.80281448e+00, 7.64930582e+00,
       8.39122391e+00, 2.80412292e+01, 2.33355064e+01, 1.74489326e+01,
       2.04272652e+01, 2.88249817e+01, 9.82109451e+00, 5.99204683e+00,
       1.00414963e+01, 1.11860344e+02, 4.27172623e+01, 1.36583948e+01,
       9.23968315e+00, 9.43341637e+00, 5.17132330e+00, 7.82925940e+00,
       4.35363770e+01, 7.36216125e+01, 2.47610760e+01, 1.13794594e+01,
       9.48986435e+00, 1.37944784e+01, 1.42748346e+01, 2.10467625e+01,
       4.03914413e+01, 1.48745375e+01, 1.30597878e+01, 1.39178724e+01,
       1.10712929e+01, 1.83170910e+01, 2.21690426e+01, 2.25503235e+01,
       1.46384954e+01, 3.91626091e+01, 1.55473013e+01, 1.53952236e+01,
       2.52959175e+01, 3.70030022e+01, 1.66264591e+01, 9.19719696e+00,
       1.21848078e+01, 1.33248337e+02, 4.67595024e+01, 1.10168247e+01,
       7.66726732e+00, 9.22610950e+00, 5.17243671e+00, 5.73481417e+00,
       5.09911613e+01, 8.41277695e+01, 3.61557884e+01, 3.78699226e+01,
       2.11764660e+01, 2.00028973e+01, 1.74280434e+01, 1.57162037e+01,
       2.93324299e+01, 1.90427513e+01, 2.62368183e+01, 3.60942154e+01,
