%YAML:1.0
---
voc: !!opencv-matrix
   rows: 2
   cols: 128
   dt: f
   data: [ 2.62622700e+01, 1.68537540e+01, 1.50505505e+01,
       1.81184731e+01, 2.38062534e+01, 1.67106037e+01, 1.55005960e+01,
       1.83861332e+01, 4.64371300e+01, 2.50667877e+01, 1.79571667e+01,
       2.08221226e+01, 3.16739349e+01, 2.17696209e+01, 1.89055691e+01,
       2.40492649e+01, 7.75204773e+01, 2.86367397e+01, 1.39741096e+01,
       1.36707687e+01, 2.03630028e+01, 1.72668839e+01, 2.15051632e+01,
       4.26524239e+01, 3.25087967e+01, 1.41610289e+01, 1.03671150e+01,
       1.42175550e+01, 3.05576649e+01, 2.29127045e+01, 2.23710232e+01,
       2.58765469e+01, 3.55923080e+01, 2.24213753e+01, 1.79625072e+01,
       1.96267471e+01, 2.73997993e+01, 2.14427662e+01, 1.99498062e+01,
       2.44047508e+01, 5.81401367e+01, 3.09788036e+01, 2.96758480e+01,
       4.13627548e+01, 5.21858063e+01, 3.02431335e+01, 1.64918728e+01,
       1.83405571e+01, 1.23967079e+02, 4.89313927e+01, 1.72510319e+01,
       1.42618532e+01, 1.90052452e+01, 1.36349545e+01, 1.61926861e+01,
       4.47529068e+01, 4.08069878e+01, 1.42497997e+01, 1.03030834e+01,
       2.16373806e+01, 4.66812782e+01, 3.26856041e+01, 2.33726311e+01,
       2.33376923e+01, 3.55682869e+01, 2.38451176e+01, 1.99696770e+01,
       2.19407558e+01, 2.81156368e+01, 1.94038830e+01, 1.77370243e+01,
       2.25849495e+01, 5.86424522e+01, 1.83920650e+01, 1.65176315e+01,
       3.04006824e+01, 5.24383545e+01, 4.08619614e+01, 2.91372757e+01,
       3.09348087e+01, 1.24009621e+02, 4.43169441e+01, 1.61604080e+01,
       1.38511543e+01, 1.89579659e+01, 1.40259666e+01, 1.69890614e+01,
       4.88428917e+01, 4.05062027e+01, 2.32364883e+01, 2.32318268e+01,
       3.35671921e+01, 4.68065720e+01, 2.10690422e+01, 1.01446238e+01,
       1.40648422e+01, 2.61230049e+01, 1.83821545e+01, 1.52814569e+01,
       1.70972328e+01, 2.43377285e+01, 1.78981323e+01, 1.53742809e+01,
       1.65973167e+01, 4.63615456e+01, 2.40044899e+01, 1.87054348e+01,
       2.19648113e+01, 3.20556831e+01, 2.04045563e+01, 1.79803810e+01,
       2.50857010e+01, 7.79219055e+01, 4.22860680e+01, 2.15504608e+01,
       1.77624798e+01, 2.01921539e+01, 1.30182753e+01, 1.34082165e+01,
       2.89931870e+01, 3.22205582e+01, 2.54391098e+01, 2.20850182e+01,
       2.31861458e+01, 3.08473816e+01, 1.42619009e+01, 1.01896410e+01,
       1.43654251e+01, 3.14421997e+01, 2.15476761e+01, 1.79048290e+01,
       2.08779964e+01, 3.03016052e+01, 1.31021385e+01, 9.13245678e+00,
       1.34863396e+01, 7.83424149e+01, 3.58276215e+01, 1.91086502e+01,
       1.69717846e+01, 1.94103680e+01, 1.15346289e+01, 1.35453978e+01,
       3.19828835e+01, 4.73652344e+01, 2.24874516e+01, 1.78587646e+01,
       2.06458092e+01, 3.21738968e+01, 2.07854481e+01, 2.00235004e+01,
       2.72206669e+01, 2.64658604e+01, 1.71410999e+01, 1.53709002e+01,
       1.69577770e+01, 2.44998951e+01, 1.82545891e+01, 1.70494900e+01,
       1.81041908e+01, 4.05610847e+01, 1.92383766e+01, 1.89650402e+01,
       2.85416870e+01, 4.32903481e+01, 1.97999687e+01, 8.80881500e+00,
       1.28041401e+01, 1.24938301e+02, 3.44140968e+01, 1.22298527e+01,
       1.17774858e+01, 1.66187820e+01, 1.32422285e+01, 2.08846893e+01,
       5.85363312e+01, 5.51045647e+01, 1.70520325e+01, 1.52502184e+01,
       2.80781956e+01, 5.46674232e+01, 4.54357109e+01, 3.46666832e+01,
       3.31839523e+01, 3.50340996e+01, 2.32799015e+01, 1.99596252e+01,
       2.18078842e+01, 2.87624722e+01, 2.05647011e+01, 1.91332989e+01,
       2.25097313e+01, 4.06868935e+01, 1.23818750e+01, 8.63441467e+00,
       2.01053772e+01, 4.31999283e+01, 2.82281361e+01, 1.93299046e+01,
       1.98104591e+01, 1.25009888e+02, 5.77204247e+01, 2.02608757e+01,
       1.31292410e+01, 1.67518616e+01, 1.17861376e+01, 1.21962118e+01,
       3.48099098e+01, 5.47768402e+01, 3.26579781e+01, 3.40749855e+01,
       4.52260895e+01, 5.54832954e+01, 2.83575191e+01, 1.53203421e+01,
       1.70242252e+01, 3.47433929e+01, 2.26247520e+01, 1.97042007e+01,
       2.07590027e+01, 2.88080215e+01, 2.13895721e+01, 1.97871151e+01,
       2.31062393e+01, 3.17652740e+01, 1.29937534e+01, 9.04814339e+00,
       1.35089417e+01, 3.04446049e+01, 2.04051609e+01, 1.81132183e+01,
       2.22215252e+01, 7.89349060e+01, 3.19316807e+01, 1.34684944e+01,
       1.17986689e+01, 1.95845890e+01, 1.66016216e+01, 1.87899971e+01,
       3.59120560e+01, 4.65690002e+01, 2.68026333e+01, 2.02292213e+01,
       2.14814014e+01, 3.25270844e+01, 2.06160946e+01, 1.78669567e+01,
       2.24426594e+01, 2.65070896e+01, 1.80691204e+01, 1.70716763e+01,
       1.81708336e+01, 2.46156044e+01, 1.70367126e+01, 1.52600832e+01,
       1.73199120e+01 ]
